%YAML:1.0
---
tag : [1, 3, 2]
tag_z : [5.0, 126.0, 5.0]


